799
801
157
800
803
802
750
793
220
584
816
78
814
793
522
236
818
51
589
806
601
816
236
822
818
809
584
811
813
601
589
807
820
819
793
236
816
822
795
818
831
584
793
809
236
827
816
589
838
839
822
809
818
832
836
584
793
829
842
832
827
236
601
828
824
822
581
809
589
816
584
793
844
594
829
532
818
589
843
845
601
827
532
816
832
839
838
841
822
843
236
818
793
584
809
832
827
816
589
601
809
824
840
838
839
846
584
849
852
843
818
793
236
861
532
822
847589855601816845818856854844832649850848236846827858853859589532838839865584845868822862809839838855827860863832854867846601843862853858850844822845